year	month	day	hour	hour.inc	lat	lon	height	date.start	trajectory
2022	3	26	0	0	-27.44	153.55	2000	2022-03-26	26263
2022	3	25	23	-1	-27.417	153.577	1961.8	2022-03-26	26263
2022	3	25	22	-2	-27.405	153.608	1925.6	2022-03-26	26263
2022	3	25	21	-3	-27.405	153.643	1891.3	2022-03-26	26263
2022	3	25	20	-4	-27.417	153.682	1858.7	2022-03-26	26263
2022	3	25	19	-5	-27.441	153.723	1827.6	2022-03-26	26263
2022	3	25	18	-6	-27.476	153.768	1797.8	2022-03-26	26263
2022	3	25	17	-7	-27.517	153.817	1769.9	2022-03-26	26263
2022	3	25	16	-8	-27.556	153.871	1743.3	2022-03-26	26263
2022	3	25	15	-9	-27.594	153.931	1719.2	2022-03-26	26263
2022	3	25	14	-10	-27.631	153.997	1697.5	2022-03-26	26263
2022	3	25	13	-11	-27.666	154.068	1678.6	2022-03-26	26263
2022	3	25	12	-12	-27.7	154.143	1662.3	2022-03-26	26263
2022	3	25	11	-13	-27.733	154.221	1647.3	2022-03-26	26263
2022	3	25	10	-14	-27.765	154.299	1631.3	2022-03-26	26263
2022	3	25	9	-15	-27.796	154.376	1614.7	2022-03-26	26263
2022	3	25	8	-16	-27.827	154.452	1597.8	2022-03-26	26263
2022	3	25	7	-17	-27.857	154.528	1580.7	2022-03-26	26263
2022	3	25	6	-18	-27.887	154.603	1563.6	2022-03-26	26263
2022	3	25	5	-19	-27.919	154.679	1546.2	2022-03-26	26263
2022	3	25	4	-20	-27.954	154.758	1528.5	2022-03-26	26263
2022	3	25	3	-21	-27.992	154.841	1510.6	2022-03-26	26263
2022	3	25	2	-22	-28.032	154.926	1492.6	2022-03-26	26263
2022	3	25	1	-23	-28.074	155.013	1474.6	2022-03-26	26263
2022	3	25	0	-24	-28.116	155.102	1456.2	2022-03-26	26263
2022	3	24	23	-25	-28.157	155.189	1442.7	2022-03-26	26263
2022	3	24	22	-26	-28.193	155.274	1438.9	2022-03-26	26263
2022	3	24	21	-27	-28.225	155.356	1444.5	2022-03-26	26263
2022	3	24	20	-28	-28.253	155.434	1459.7	2022-03-26	26263
2022	3	24	19	-29	-28.276	155.509	1484.7	2022-03-26	26263
2022	3	24	18	-30	-28.296	155.578	1519.6	2022-03-26	26263
2022	3	24	17	-31	-28.314	155.638	1557.3	2022-03-26	26263
2022	3	24	16	-32	-28.332	155.686	1590.8	2022-03-26	26263
2022	3	24	15	-33	-28.349	155.723	1619.8	2022-03-26	26263
2022	3	24	14	-34	-28.365	155.749	1643.9	2022-03-26	26263
2022	3	24	13	-35	-28.38	155.764	1663	2022-03-26	26263
2022	3	24	12	-36	-28.394	155.769	1676.9	2022-03-26	26263
2022	3	24	11	-37	-28.404	155.769	1688.9	2022-03-26	26263
2022	3	24	10	-38	-28.41	155.771	1701.1	2022-03-26	26263
2022	3	24	9	-39	-28.411	155.775	1713.9	2022-03-26	26263
2022	3	24	8	-40	-28.407	155.781	1727.3	2022-03-26	26263
2022	3	24	7	-41	-28.399	155.79	1741.3	2022-03-26	26263
2022	3	24	6	-42	-28.389	155.803	1755.9	2022-03-26	26263
2022	3	24	5	-43	-28.381	155.828	1771.2	2022-03-26	26263
2022	3	24	4	-44	-28.383	155.872	1789.5	2022-03-26	26263
2022	3	24	3	-45	-28.395	155.935	1810.6	2022-03-26	26263
2022	3	24	2	-46	-28.417	156.015	1834.8	2022-03-26	26263
2022	3	24	1	-47	-28.45	156.111	1862.7	2022-03-26	26263
2022	3	24	0	-48	-28.493	156.22	1895.1	2022-03-26	26263
2022	3	23	23	-49	-28.547	156.33	1929	2022-03-26	26263
2022	3	23	22	-50	-28.611	156.432	1959.9	2022-03-26	26263
2022	3	23	21	-51	-28.686	156.524	1987.4	2022-03-26	26263
2022	3	23	20	-52	-28.769	156.607	2011.2	2022-03-26	26263
2022	3	23	19	-53	-28.862	156.681	2030.6	2022-03-26	26263
2022	3	23	18	-54	-28.962	156.744	2045	2022-03-26	26263
2022	3	23	17	-55	-29.069	156.796	2057.7	2022-03-26	26263
2022	3	23	16	-56	-29.181	156.833	2071.3	2022-03-26	26263
2022	3	23	15	-57	-29.298	156.854	2086.3	2022-03-26	26263
2022	3	23	14	-58	-29.419	156.859	2103	2022-03-26	26263
2022	3	23	13	-59	-29.544	156.847	2121.7	2022-03-26	26263
2022	3	23	12	-60	-29.673	156.819	2142.5	2022-03-26	26263
2022	3	23	11	-61	-29.804	156.771	2165.3	2022-03-26	26263
2022	3	23	10	-62	-29.935	156.703	2187.6	2022-03-26	26263
2022	3	23	9	-63	-30.069	156.615	2209.4	2022-03-26	26263
2022	3	23	8	-64	-30.205	156.508	2230.8	2022-03-26	26263
2022	3	23	7	-65	-30.345	156.382	2251.6	2022-03-26	26263
2022	3	23	6	-66	-30.491	156.237	2271.9	2022-03-26	26263
2022	3	23	5	-67	-30.635	156.075	2290.4	2022-03-26	26263
2022	3	23	4	-68	-30.769	155.899	2305.6	2022-03-26	26263
2022	3	23	3	-69	-30.892	155.707	2315.9	2022-03-26	26263
2022	3	23	2	-70	-31.002	155.497	2319.8	2022-03-26	26263
2022	3	23	1	-71	-31.099	155.267	2315.7	2022-03-26	26263
2022	3	23	0	-72	-31.181	155.016	2301.8	2022-03-26	26263
2022	3	27	0	0	-27.44	153.55	2000	2022-03-27	26264
2022	3	26	23	-1	-27.298	153.675	2010.5	2022-03-27	26264
2022	3	26	22	-2	-27.164	153.801	2008	2022-03-27	26264
2022	3	26	21	-3	-27.038	153.927	1992.9	2022-03-27	26264
2022	3	26	20	-4	-26.918	154.055	1965.8	2022-03-27	26264
2022	3	26	19	-5	-26.803	154.184	1927.4	2022-03-27	26264
2022	3	26	18	-6	-26.694	154.315	1878.1	2022-03-27	26264
2022	3	26	17	-7	-26.591	154.455	1827.2	2022-03-27	26264
2022	3	26	16	-8	-26.496	154.61	1783.5	2022-03-27	26264
2022	3	26	15	-9	-26.409	154.777	1746.8	2022-03-27	26264
2022	3	26	14	-10	-26.331	154.957	1717.2	2022-03-27	26264
2022	3	26	13	-11	-26.26	155.145	1693.7	2022-03-27	26264
2022	3	26	12	-12	-26.196	155.341	1677	2022-03-27	26264
2022	3	26	11	-13	-26.145	155.537	1663.6	2022-03-27	26264
2022	3	26	10	-14	-26.112	155.733	1650.6	2022-03-27	26264
2022	3	26	9	-15	-26.098	155.927	1638	2022-03-27	26264
2022	3	26	8	-16	-26.104	156.119	1626.3	2022-03-27	26264
2022	3	26	7	-17	-26.13	156.31	1615.7	2022-03-27	26264
2022	3	26	6	-18	-26.175	156.501	1606.7	2022-03-27	26264
2022	3	26	5	-19	-26.229	156.686	1599.3	2022-03-27	26264
2022	3	26	4	-20	-26.28	156.862	1592.5	2022-03-27	26264
2022	3	26	3	-21	-26.327	157.028	1586.2	2022-03-27	26264
2022	3	26	2	-22	-26.369	157.185	1579.9	2022-03-27	26264
2022	3	26	1	-23	-26.407	157.332	1573.3	2022-03-27	26264
2022	3	26	0	-24	-26.439	157.469	1566.3	2022-03-27	26264
2022	3	25	23	-25	-26.468	157.598	1561	2022-03-27	26264
2022	3	25	22	-26	-26.498	157.72	1560.5	2022-03-27	26264
2022	3	25	21	-27	-26.529	157.835	1564.2	2022-03-27	26264
2022	3	25	20	-28	-26.561	157.943	1571.6	2022-03-27	26264
2022	3	25	19	-29	-26.593	158.043	1582.5	2022-03-27	26264
2022	3	25	18	-30	-26.627	158.135	1596.5	2022-03-27	26264
2022	3	25	17	-31	-26.661	158.229	1612.3	2022-03-27	26264
2022	3	25	16	-32	-26.693	158.333	1628.1	2022-03-27	26264
2022	3	25	15	-33	-26.724	158.449	1644.7	2022-03-27	26264
2022	3	25	14	-34	-26.752	158.575	1662.4	2022-03-27	26264
2022	3	25	13	-35	-26.778	158.713	1681.5	2022-03-27	26264
2022	3	25	12	-36	-26.801	158.863	1702.6	2022-03-27	26264
2022	3	25	11	-37	-26.827	159.016	1725.3	2022-03-27	26264
2022	3	25	10	-38	-26.864	159.166	1749.7	2022-03-27	26264
2022	3	25	9	-39	-26.914	159.312	1775.6	2022-03-27	26264
2022	3	25	8	-40	-26.977	159.451	1803.1	2022-03-27	26264
2022	3	25	7	-41	-27.054	159.585	1832.6	2022-03-27	26264
2022	3	25	6	-42	-27.148	159.711	1864.2	2022-03-27	26264
2022	3	25	5	-43	-27.244	159.828	1896.5	2022-03-27	26264
2022	3	25	4	-44	-27.331	159.937	1927.3	2022-03-27	26264
2022	3	25	3	-45	-27.408	160.037	1955.9	2022-03-27	26264
2022	3	25	2	-46	-27.476	160.129	1981.5	2022-03-27	26264
2022	3	25	1	-47	-27.536	160.212	2003.2	2022-03-27	26264
2022	3	25	0	-48	-27.588	160.287	2020.8	2022-03-27	26264
2022	3	24	23	-49	-27.637	160.356	2042	2022-03-27	26264
2022	3	24	22	-50	-27.689	160.419	2075	2022-03-27	26264
2022	3	24	21	-51	-27.745	160.476	2119.3	2022-03-27	26264
2022	3	24	20	-52	-27.804	160.526	2174.9	2022-03-27	26264
2022	3	24	19	-53	-27.865	160.567	2241.8	2022-03-27	26264
2022	3	24	18	-54	-27.929	160.599	2320.1	2022-03-27	26264
2022	3	24	17	-55	-27.993	160.623	2399.5	2022-03-27	26264
2022	3	24	16	-56	-28.055	160.644	2469.1	2022-03-27	26264
2022	3	24	15	-57	-28.113	160.664	2529.6	2022-03-27	26264
2022	3	24	14	-58	-28.167	160.685	2581.3	2022-03-27	26264
2022	3	24	13	-59	-28.216	160.709	2624.8	2022-03-27	26264
2022	3	24	12	-60	-28.258	160.736	2660.2	2022-03-27	26264
2022	3	24	11	-61	-28.302	160.766	2690.5	2022-03-27	26264
2022	3	24	10	-62	-28.359	160.795	2720.2	2022-03-27	26264
2022	3	24	9	-63	-28.427	160.823	2748.6	2022-03-27	26264
2022	3	24	8	-64	-28.508	160.85	2775.5	2022-03-27	26264
2022	3	24	7	-65	-28.6	160.874	2800.7	2022-03-27	26264
2022	3	24	6	-66	-28.705	160.894	2824	2022-03-27	26264
2022	3	24	5	-67	-28.813	160.909	2849.1	2022-03-27	26264
2022	3	24	4	-68	-28.913	160.915	2878.5	2022-03-27	26264
2022	3	24	3	-69	-29.005	160.912	2913.5	2022-03-27	26264
2022	3	24	2	-70	-29.092	160.9	2954.5	2022-03-27	26264
2022	3	24	1	-71	-29.172	160.878	3002.2	2022-03-27	26264
2022	3	24	0	-72	-29.247	160.847	3057.2	2022-03-27	26264
2022	3	28	0	0	-27.44	153.55	2000	2022-03-28	26265
2022	3	27	23	-1	-27.37	153.726	1942.7	2022-03-28	26265
2022	3	27	22	-2	-27.272	153.899	1889.6	2022-03-28	26265
2022	3	27	21	-3	-27.143	154.071	1839.6	2022-03-28	26265
2022	3	27	20	-4	-26.985	154.24	1792	2022-03-28	26265
2022	3	27	19	-5	-26.796	154.409	1745.8	2022-03-28	26265
2022	3	27	18	-6	-26.578	154.576	1700	2022-03-28	26265
2022	3	27	17	-7	-26.356	154.761	1657.1	2022-03-28	26265
2022	3	27	16	-8	-26.157	154.982	1620.8	2022-03-28	26265
2022	3	27	15	-9	-25.98	155.235	1590.7	2022-03-28	26265
2022	3	27	14	-10	-25.824	155.515	1568.9	2022-03-28	26265
2022	3	27	13	-11	-25.686	155.818	1556	2022-03-28	26265
2022	3	27	12	-12	-25.563	156.14	1552.5	2022-03-28	26265
2022	3	27	11	-13	-25.448	156.462	1551.4	2022-03-28	26265
2022	3	27	10	-14	-25.336	156.771	1546.4	2022-03-28	26265
2022	3	27	9	-15	-25.23	157.067	1537.7	2022-03-28	26265
2022	3	27	8	-16	-25.132	157.35	1525.7	2022-03-28	26265
2022	3	27	7	-17	-25.043	157.623	1511.2	2022-03-28	26265
2022	3	27	6	-18	-24.967	157.885	1494.9	2022-03-28	26265
2022	3	27	5	-19	-24.897	158.139	1479.9	2022-03-28	26265
2022	3	27	4	-20	-24.83	158.39	1467.8	2022-03-28	26265
2022	3	27	3	-21	-24.763	158.637	1458.4	2022-03-28	26265
2022	3	27	2	-22	-24.698	158.88	1451.1	2022-03-28	26265
2022	3	27	1	-23	-24.633	159.118	1445.3	2022-03-28	26265
2022	3	27	0	-24	-24.568	159.352	1440.3	2022-03-28	26265
2022	3	26	23	-25	-24.5	159.585	1432.6	2022-03-28	26265
2022	3	26	22	-26	-24.424	159.824	1419.8	2022-03-28	26265
2022	3	26	21	-27	-24.339	160.071	1402.3	2022-03-28	26265
2022	3	26	20	-28	-24.248	160.327	1381.4	2022-03-28	26265
2022	3	26	19	-29	-24.152	160.592	1358.7	2022-03-28	26265
2022	3	26	18	-30	-24.05	160.867	1335.2	2022-03-28	26265
2022	3	26	17	-31	-23.951	161.145	1313.5	2022-03-28	26265
2022	3	26	16	-32	-23.86	161.417	1295.8	2022-03-28	26265
2022	3	26	15	-33	-23.779	161.683	1280.8	2022-03-28	26265
2022	3	26	14	-34	-23.708	161.944	1267.8	2022-03-28	26265
2022	3	26	13	-35	-23.647	162.199	1255.8	2022-03-28	26265
2022	3	26	12	-36	-23.597	162.448	1244.3	2022-03-28	26265
2022	3	26	11	-37	-23.558	162.689	1232.9	2022-03-28	26265
2022	3	26	10	-38	-23.531	162.918	1222	2022-03-28	26265
2022	3	26	9	-39	-23.516	163.136	1211.1	2022-03-28	26265
2022	3	26	8	-40	-23.511	163.344	1199.5	2022-03-28	26265
2022	3	26	7	-41	-23.516	163.543	1186.8	2022-03-28	26265
2022	3	26	6	-42	-23.531	163.734	1172.5	2022-03-28	26265
2022	3	26	5	-43	-23.55	163.921	1158	2022-03-28	26265
2022	3	26	4	-44	-23.57	164.109	1144.9	2022-03-28	26265
2022	3	26	3	-45	-23.59	164.296	1133.1	2022-03-28	26265
2022	3	26	2	-46	-23.61	164.482	1122.5	2022-03-28	26265
2022	3	26	1	-47	-23.63	164.664	1112.8	2022-03-28	26265
2022	3	26	0	-48	-23.65	164.843	1104.1	2022-03-28	26265
2022	3	25	23	-49	-23.672	165.022	1097.6	2022-03-28	26265
2022	3	25	22	-50	-23.702	165.207	1095.6	2022-03-28	26265
2022	3	25	21	-51	-23.74	165.397	1098.1	2022-03-28	26265
2022	3	25	20	-52	-23.784	165.589	1105.3	2022-03-28	26265
2022	3	25	19	-53	-23.836	165.782	1116.9	2022-03-28	26265
2022	3	25	18	-54	-23.894	165.975	1133.2	2022-03-28	26265
2022	3	25	17	-55	-23.957	166.168	1151.2	2022-03-28	26265
2022	3	25	16	-56	-24.021	166.364	1168	2022-03-28	26265
2022	3	25	15	-57	-24.087	166.564	1184	2022-03-28	26265
2022	3	25	14	-58	-24.154	166.767	1199.4	2022-03-28	26265
2022	3	25	13	-59	-24.221	166.975	1214.3	2022-03-28	26265
2022	3	25	12	-60	-24.29	167.189	1229	2022-03-28	26265
2022	3	25	11	-61	-24.365	167.399	1243.3	2022-03-28	26265
2022	3	25	10	-62	-24.453	167.596	1257.1	2022-03-28	26265
2022	3	25	9	-63	-24.555	167.779	1270.9	2022-03-28	26265
2022	3	25	8	-64	-24.67	167.949	1285.2	2022-03-28	26265
2022	3	25	7	-65	-24.797	168.107	1300.1	2022-03-28	26265
2022	3	25	6	-66	-24.937	168.254	1315.6	2022-03-28	26265
2022	3	25	5	-67	-25.084	168.39	1333.4	2022-03-28	26265
2022	3	25	4	-68	-25.229	168.512	1354.7	2022-03-28	26265
2022	3	25	3	-69	-25.374	168.619	1379.4	2022-03-28	26265
2022	3	25	2	-70	-25.517	168.711	1407.6	2022-03-28	26265
2022	3	25	1	-71	-25.658	168.788	1439.3	2022-03-28	26265
2022	3	25	0	-72	-25.796	168.851	1474.6	2022-03-28	26265
2022	3	29	0	0	-27.44	153.55	2000	2022-03-29	26266
2022	3	28	23	-1	-27.303	153.699	1906.5	2022-03-29	26266
2022	3	28	22	-2	-27.168	153.837	1817.1	2022-03-29	26266
2022	3	28	21	-3	-27.037	153.968	1731.8	2022-03-29	26266
2022	3	28	20	-4	-26.91	154.094	1650.9	2022-03-29	26266
2022	3	28	19	-5	-26.788	154.219	1574.2	2022-03-29	26266
2022	3	28	18	-6	-26.671	154.345	1501.8	2022-03-29	26266
2022	3	28	17	-7	-26.562	154.478	1428.8	2022-03-29	26266
2022	3	28	16	-8	-26.464	154.627	1349.3	2022-03-29	26266
2022	3	28	15	-9	-26.375	154.798	1263.5	2022-03-29	26266
2022	3	28	14	-10	-26.297	154.997	1171.9	2022-03-29	26266
2022	3	28	13	-11	-26.226	155.23	1075.8	2022-03-29	26266
2022	3	28	12	-12	-26.158	155.508	978.8	2022-03-29	26266
2022	3	28	11	-13	-26.088	155.832	885.8	2022-03-29	26266
2022	3	28	10	-14	-26.01	156.198	799.7	2022-03-29	26266
2022	3	28	9	-15	-25.924	156.604	719.7	2022-03-29	26266
2022	3	28	8	-16	-25.832	157.049	644.8	2022-03-29	26266
2022	3	28	7	-17	-25.734	157.528	574.1	2022-03-29	26266
2022	3	28	6	-18	-25.644	158.019	509.1	2022-03-29	26266
2022	3	28	5	-19	-25.558	158.503	455.3	2022-03-29	26266
2022	3	28	4	-20	-25.463	158.977	415.6	2022-03-29	26266
2022	3	28	3	-21	-25.362	159.445	389.3	2022-03-29	26266
2022	3	28	2	-22	-25.256	159.908	375.8	2022-03-29	26266
2022	3	28	1	-23	-25.152	160.364	374.6	2022-03-29	26266
2022	3	28	0	-24	-25.059	160.807	385.1	2022-03-29	26266
2022	3	27	23	-25	-24.979	161.239	399.3	2022-03-29	26266
2022	3	27	22	-26	-24.915	161.659	410	2022-03-29	26266
2022	3	27	21	-27	-24.871	162.069	417	2022-03-29	26266
2022	3	27	20	-28	-24.849	162.473	420.7	2022-03-29	26266
2022	3	27	19	-29	-24.852	162.868	420.7	2022-03-29	26266
2022	3	27	18	-30	-24.883	163.253	417.1	2022-03-29	26266
2022	3	27	17	-31	-24.932	163.629	413.2	2022-03-29	26266
2022	3	27	16	-32	-24.993	163.994	411.5	2022-03-29	26266
2022	3	27	15	-33	-25.066	164.349	411.7	2022-03-29	26266
2022	3	27	14	-34	-25.15	164.694	412.9	2022-03-29	26266
2022	3	27	13	-35	-25.244	165.031	414.6	2022-03-29	26266
2022	3	27	12	-36	-25.345	165.357	416.4	2022-03-29	26266
2022	3	27	11	-37	-25.455	165.674	417.5	2022-03-29	26266
2022	3	27	10	-38	-25.577	165.982	417.5	2022-03-29	26266
2022	3	27	9	-39	-25.713	166.28	416.7	2022-03-29	26266
2022	3	27	8	-40	-25.863	166.57	415.1	2022-03-29	26266
2022	3	27	7	-41	-26.026	166.85	413	2022-03-29	26266
2022	3	27	6	-42	-26.204	167.121	410.7	2022-03-29	26266
2022	3	27	5	-43	-26.39	167.381	407.7	2022-03-29	26266
2022	3	27	4	-44	-26.576	167.626	403.5	2022-03-29	26266
2022	3	27	3	-45	-26.759	167.857	398.1	2022-03-29	26266
2022	3	27	2	-46	-26.94	168.072	391.1	2022-03-29	26266
2022	3	27	1	-47	-27.118	168.271	382.3	2022-03-29	26266
2022	3	27	0	-48	-27.294	168.454	371.2	2022-03-29	26266
2022	3	26	23	-49	-27.47	168.623	362.1	2022-03-29	26266
2022	3	26	22	-50	-27.645	168.782	359.3	2022-03-29	26266
2022	3	26	21	-51	-27.821	168.931	363.1	2022-03-29	26266
2022	3	26	20	-52	-27.997	169.072	373.6	2022-03-29	26266
2022	3	26	19	-53	-28.173	169.204	391.1	2022-03-29	26266
2022	3	26	18	-54	-28.351	169.33	415.8	2022-03-29	26266
2022	3	26	17	-55	-28.528	169.449	443.5	2022-03-29	26266
2022	3	26	16	-56	-28.707	169.563	469.5	2022-03-29	26266
2022	3	26	15	-57	-28.888	169.673	493.6	2022-03-29	26266
2022	3	26	14	-58	-29.073	169.779	515.2	2022-03-29	26266
2022	3	26	13	-59	-29.264	169.881	534	2022-03-29	26266
2022	3	26	12	-60	-29.46	169.98	549.8	2022-03-29	26266
2022	3	26	11	-61	-29.667	170.072	562.5	2022-03-29	26266
2022	3	26	10	-62	-29.887	170.152	572.7	2022-03-29	26266
2022	3	26	9	-63	-30.119	170.218	580.5	2022-03-29	26266
2022	3	26	8	-64	-30.362	170.274	586.6	2022-03-29	26266
2022	3	26	7	-65	-30.616	170.32	591.2	2022-03-29	26266
2022	3	26	6	-66	-30.882	170.357	595	2022-03-29	26266
2022	3	26	5	-67	-31.153	170.391	599.1	2022-03-29	26266
2022	3	26	4	-68	-31.424	170.427	604.7	2022-03-29	26266
2022	3	26	3	-69	-31.697	170.464	611.7	2022-03-29	26266
2022	3	26	2	-70	-31.97	170.502	620.1	2022-03-29	26266
2022	3	26	1	-71	-32.244	170.541	629.9	2022-03-29	26266
2022	3	26	0	-72	-32.519	170.581	641.4	2022-03-29	26266
2022	3	30	0	0	-27.44	153.55	2000	2022-03-30	26267
2022	3	29	23	-1	-27.529	153.319	2040.7	2022-03-30	26267
2022	3	29	22	-2	-27.637	153.104	2073	2022-03-30	26267
2022	3	29	21	-3	-27.759	152.908	2095.7	2022-03-30	26267
2022	3	29	20	-4	-27.894	152.732	2108.2	2022-03-30	26267
2022	3	29	19	-5	-28.039	152.577	2110	2022-03-30	26267
2022	3	29	18	-6	-28.188	152.444	2101.3	2022-03-30	26267
2022	3	29	17	-7	-28.34	152.34	2080.4	2022-03-30	26267
2022	3	29	16	-8	-28.489	152.271	2047	2022-03-30	26267
2022	3	29	15	-9	-28.631	152.236	1999.9	2022-03-30	26267
2022	3	29	14	-10	-28.76	152.236	1938.5	2022-03-30	26267
2022	3	29	13	-11	-28.872	152.27	1862.4	2022-03-30	26267
2022	3	29	12	-12	-28.965	152.338	1770.8	2022-03-30	26267
2022	3	29	11	-13	-29.039	152.44	1667.6	2022-03-30	26267
2022	3	29	10	-14	-29.097	152.578	1556.5	2022-03-30	26267
2022	3	29	9	-15	-29.137	152.752	1441.2	2022-03-30	26267
2022	3	29	8	-16	-29.156	152.966	1324.3	2022-03-30	26267
2022	3	29	7	-17	-29.155	153.216	1208.5	2022-03-30	26267
2022	3	29	6	-18	-29.136	153.499	1097.3	2022-03-30	26267
2022	3	29	5	-19	-29.099	153.808	994	2022-03-30	26267
2022	3	29	4	-20	-29.043	154.14	899	2022-03-30	26267
2022	3	29	3	-21	-28.968	154.495	811.6	2022-03-30	26267
2022	3	29	2	-22	-28.876	154.879	730.7	2022-03-30	26267
2022	3	29	1	-23	-28.765	155.298	654.7	2022-03-30	26267
2022	3	29	0	-24	-28.63	155.756	583.7	2022-03-30	26267
2022	3	28	23	-25	-28.474	156.24	519.8	2022-03-30	26267
2022	3	28	22	-26	-28.309	156.737	463.7	2022-03-30	26267
2022	3	28	21	-27	-28.137	157.248	414.5	2022-03-30	26267
2022	3	28	20	-28	-27.966	157.771	372	2022-03-30	26267
2022	3	28	19	-29	-27.804	158.301	336.7	2022-03-30	26267
2022	3	28	18	-30	-27.654	158.837	308.9	2022-03-30	26267
2022	3	28	17	-31	-27.507	159.387	285.1	2022-03-30	26267
2022	3	28	16	-32	-27.35	159.955	263	2022-03-30	26267
2022	3	28	15	-33	-27.193	160.524	244.2	2022-03-30	26267
2022	3	28	14	-34	-27.047	161.08	229.1	2022-03-30	26267
2022	3	28	13	-35	-26.916	161.624	217.6	2022-03-30	26267
2022	3	28	12	-36	-26.804	162.157	209.9	2022-03-30	26267
2022	3	28	11	-37	-26.715	162.664	203.8	2022-03-30	26267
2022	3	28	10	-38	-26.66	163.131	196.9	2022-03-30	26267
2022	3	28	9	-39	-26.637	163.557	188.7	2022-03-30	26267
2022	3	28	8	-40	-26.646	163.945	179.4	2022-03-30	26267
2022	3	28	7	-41	-26.681	164.299	168.6	2022-03-30	26267
2022	3	28	6	-42	-26.742	164.622	156.4	2022-03-30	26267
2022	3	28	5	-43	-26.819	164.922	146.2	2022-03-30	26267
2022	3	28	4	-44	-26.902	165.211	140.7	2022-03-30	26267
2022	3	28	3	-45	-26.989	165.492	139.2	2022-03-30	26267
2022	3	28	2	-46	-27.077	165.766	141.1	2022-03-30	26267
2022	3	28	1	-47	-27.169	166.033	146.2	2022-03-30	26267
2022	3	28	0	-48	-27.263	166.292	154.2	2022-03-30	26267
2022	3	27	23	-49	-27.366	166.545	162.8	2022-03-30	26267
2022	3	27	22	-50	-27.48	166.792	170.2	2022-03-30	26267
2022	3	27	21	-51	-27.606	167.034	176.2	2022-03-30	26267
2022	3	27	20	-52	-27.741	167.269	180.7	2022-03-30	26267
2022	3	27	19	-53	-27.885	167.496	183.9	2022-03-30	26267
2022	3	27	18	-54	-28.036	167.715	185.8	2022-03-30	26267
2022	3	27	17	-55	-28.188	167.928	186.3	2022-03-30	26267
2022	3	27	16	-56	-28.339	168.134	185.4	2022-03-30	26267
2022	3	27	15	-57	-28.489	168.336	183	2022-03-30	26267
2022	3	27	14	-58	-28.639	168.534	179.3	2022-03-30	26267
2022	3	27	13	-59	-28.787	168.731	174.1	2022-03-30	26267
2022	3	27	12	-60	-28.934	168.927	167.6	2022-03-30	26267
2022	3	27	11	-61	-29.085	169.12	161.3	2022-03-30	26267
2022	3	27	10	-62	-29.247	169.305	156.9	2022-03-30	26267
2022	3	27	9	-63	-29.419	169.482	154.6	2022-03-30	26267
2022	3	27	8	-64	-29.603	169.65	154.8	2022-03-30	26267
2022	3	27	7	-65	-29.798	169.809	158.1	2022-03-30	26267
2022	3	27	6	-66	-30.007	169.958	164.9	2022-03-30	26267
2022	3	27	5	-67	-30.222	170.1	172.5	2022-03-30	26267
2022	3	27	4	-68	-30.434	170.233	177.7	2022-03-30	26267
2022	3	27	3	-69	-30.644	170.358	180	2022-03-30	26267
2022	3	27	2	-70	-30.851	170.474	179.5	2022-03-30	26267
2022	3	27	1	-71	-31.056	170.581	175.9	2022-03-30	26267
2022	3	27	0	-72	-31.259	170.679	169.3	2022-03-30	26267
2022	3	31	0	0	-27.44	153.55	2000	2022-03-31	26268
2022	3	30	23	-1	-27.722	153.521	2020.9	2022-03-31	26268
2022	3	30	22	-2	-28.015	153.505	2051.1	2022-03-31	26268
2022	3	30	21	-3	-28.315	153.501	2091.3	2022-03-31	26268
2022	3	30	20	-4	-28.616	153.509	2142.7	2022-03-31	26268
2022	3	30	19	-5	-28.915	153.529	2206.4	2022-03-31	26268
2022	3	30	18	-6	-29.204	153.559	2283.7	2022-03-31	26268
2022	3	30	17	-7	-29.48	153.596	2366.1	2022-03-31	26268
2022	3	30	16	-8	-29.744	153.642	2441.3	2022-03-31	26268
2022	3	30	15	-9	-29.998	153.702	2506.4	2022-03-31	26268
2022	3	30	14	-10	-30.243	153.778	2557.5	2022-03-31	26268
2022	3	30	13	-11	-30.478	153.87	2586.2	2022-03-31	26268
2022	3	30	12	-12	-30.7	153.984	2590.5	2022-03-31	26268
2022	3	30	11	-13	-30.904	154.117	2574.2	2022-03-31	26268
2022	3	30	10	-14	-31.083	154.268	2544.7	2022-03-31	26268
2022	3	30	9	-15	-31.234	154.438	2503.7	2022-03-31	26268
2022	3	30	8	-16	-31.352	154.626	2453.8	2022-03-31	26268
2022	3	30	7	-17	-31.435	154.834	2397.3	2022-03-31	26268
2022	3	30	6	-18	-31.479	155.061	2335.8	2022-03-31	26268
2022	3	30	5	-19	-31.473	155.299	2268.6	2022-03-31	26268
2022	3	30	4	-20	-31.412	155.538	2198.2	2022-03-31	26268
2022	3	30	3	-21	-31.298	155.773	2126	2022-03-31	26268
2022	3	30	2	-22	-31.135	155.999	2053.6	2022-03-31	26268
2022	3	30	1	-23	-30.926	156.212	1982.8	2022-03-31	26268
2022	3	30	0	-24	-30.675	156.407	1915.1	2022-03-31	26268
2022	3	29	23	-25	-30.391	156.588	1848.6	2022-03-31	26268
2022	3	29	22	-26	-30.081	156.759	1780.5	2022-03-31	26268
2022	3	29	21	-27	-29.746	156.912	1711.5	2022-03-31	26268
2022	3	29	20	-28	-29.392	157.034	1643.6	2022-03-31	26268
2022	3	29	19	-29	-29.026	157.12	1577.2	2022-03-31	26268
2022	3	29	18	-30	-28.652	157.164	1512.7	2022-03-31	26268
2022	3	29	17	-31	-28.28	157.169	1446.6	2022-03-31	26268
2022	3	29	16	-32	-27.917	157.144	1375.9	2022-03-31	26268
2022	3	29	15	-33	-27.567	157.086	1298.6	2022-03-31	26268
2022	3	29	14	-34	-27.239	157.002	1216.2	2022-03-31	26268
2022	3	29	13	-35	-26.94	156.901	1130.8	2022-03-31	26268
2022	3	29	12	-36	-26.669	156.783	1043.4	2022-03-31	26268
2022	3	29	11	-37	-26.425	156.648	960	2022-03-31	26268
2022	3	29	10	-38	-26.207	156.5	885	2022-03-31	26268
2022	3	29	9	-39	-26.013	156.341	817.2	2022-03-31	26268
2022	3	29	8	-40	-25.842	156.174	755.4	2022-03-31	26268
2022	3	29	7	-41	-25.694	155.999	698.7	2022-03-31	26268
2022	3	29	6	-42	-25.568	155.818	646.6	2022-03-31	26268
2022	3	29	5	-43	-25.46	155.641	598.1	2022-03-31	26268
2022	3	29	4	-44	-25.366	155.477	553	2022-03-31	26268
2022	3	29	3	-45	-25.285	155.328	510.2	2022-03-31	26268
2022	3	29	2	-46	-25.221	155.196	468.8	2022-03-31	26268
2022	3	29	1	-47	-25.172	155.085	428	2022-03-31	26268
2022	3	29	0	-48	-25.141	154.998	387.1	2022-03-31	26268
2022	3	28	23	-49	-25.123	154.926	348.2	2022-03-31	26268
2022	3	28	22	-50	-25.118	154.862	313.8	2022-03-31	26268
2022	3	28	21	-51	-25.123	154.806	283.6	2022-03-31	26268
2022	3	28	20	-52	-25.137	154.758	257.4	2022-03-31	26268
2022	3	28	19	-53	-25.16	154.717	235	2022-03-31	26268
2022	3	28	18	-54	-25.191	154.684	216.1	2022-03-31	26268
2022	3	28	17	-55	-25.231	154.667	198.9	2022-03-31	26268
2022	3	28	16	-56	-25.281	154.675	181.2	2022-03-31	26268
2022	3	28	15	-57	-25.341	154.709	163	2022-03-31	26268
2022	3	28	14	-58	-25.408	154.773	144.5	2022-03-31	26268
2022	3	28	13	-59	-25.482	154.868	125.8	2022-03-31	26268
2022	3	28	12	-60	-25.561	154.998	107.1	2022-03-31	26268
2022	3	28	11	-61	-25.635	155.168	87.3	2022-03-31	26268
2022	3	28	10	-62	-25.697	155.386	66.2	2022-03-31	26268
2022	3	28	9	-63	-25.748	155.658	45.7	2022-03-31	26268
2022	3	28	8	-64	-25.789	155.99	28	2022-03-31	26268
2022	3	28	7	-65	-25.817	156.381	14.9	2022-03-31	26268
2022	3	28	6	-66	-25.833	156.822	3.1	2022-03-31	26268
2022	3	28	5	-67	-25.829	157.297	0	2022-03-31	26268
2022	3	28	4	-68	-25.807	157.784	0	2022-03-31	26268
2022	3	28	3	-69	-25.782	158.261	0	2022-03-31	26268
2022	3	28	2	-70	-25.76	158.718	0	2022-03-31	26268
2022	3	28	1	-71	-25.74	159.153	0	2022-03-31	26268
2022	3	28	0	-72	-25.723	159.564	0.1	2022-03-31	26268
2022	4	1	0	0	-27.44	153.55	2000	2022-04-01	26269
2022	3	31	23	-1	-27.619	153.49	2023.7	2022-04-01	26269
2022	3	31	22	-2	-27.806	153.425	2051.6	2022-04-01	26269
2022	3	31	21	-3	-28	153.352	2084.3	2022-04-01	26269
2022	3	31	20	-4	-28.2	153.27	2122.7	2022-04-01	26269
2022	3	31	19	-5	-28.405	153.179	2167.5	2022-04-01	26269
2022	3	31	18	-6	-28.611	153.076	2219.4	2022-04-01	26269
2022	3	31	17	-7	-28.826	152.966	2275.1	2022-04-01	26269
2022	3	31	16	-8	-29.058	152.852	2329.5	2022-04-01	26269
2022	3	31	15	-9	-29.311	152.736	2384	2022-04-01	26269
2022	3	31	14	-10	-29.587	152.621	2440.1	2022-04-01	26269
2022	3	31	13	-11	-29.891	152.509	2499.2	2022-04-01	26269
2022	3	31	12	-12	-30.224	152.403	2565.6	2022-04-01	26269
2022	3	31	11	-13	-30.573	152.304	2633.7	2022-04-01	26269
2022	3	31	10	-14	-30.925	152.207	2700.5	2022-04-01	26269
2022	3	31	9	-15	-31.276	152.11	2764.9	2022-04-01	26269
2022	3	31	8	-16	-31.625	152.013	2826	2022-04-01	26269
2022	3	31	7	-17	-31.971	151.911	2883.6	2022-04-01	26269
2022	3	31	6	-18	-32.314	151.801	2937.6	2022-04-01	26269
2022	3	31	5	-19	-32.652	151.692	2986.9	2022-04-01	26269
2022	3	31	4	-20	-32.984	151.597	3028.1	2022-04-01	26269
2022	3	31	3	-21	-33.31	151.518	3058.3	2022-04-01	26269
2022	3	31	2	-22	-33.63	151.454	3075.7	2022-04-01	26269
2022	3	31	1	-23	-33.943	151.405	3078.6	2022-04-01	26269
2022	3	31	0	-24	-34.249	151.371	3065.1	2022-04-01	26269
2022	3	30	23	-25	-34.545	151.343	3042.5	2022-04-01	26269
2022	3	30	22	-26	-34.825	151.308	3020.2	2022-04-01	26269
2022	3	30	21	-27	-35.089	151.265	2998.4	2022-04-01	26269
2022	3	30	20	-28	-35.341	151.216	2980	2022-04-01	26269
2022	3	30	19	-29	-35.583	151.158	2967.5	2022-04-01	26269
2022	3	30	18	-30	-35.817	151.089	2961.8	2022-04-01	26269
2022	3	30	17	-31	-36.052	151.018	2957	2022-04-01	26269
2022	3	30	16	-32	-36.295	150.954	2945.5	2022-04-01	26269
2022	3	30	15	-33	-36.544	150.893	2927.8	2022-04-01	26269
2022	3	30	14	-34	-36.797	150.831	2904	2022-04-01	26269
2022	3	30	13	-35	-37.051	150.761	2874.3	2022-04-01	26269
2022	3	30	12	-36	-37.304	150.679	2839.3	2022-04-01	26269
2022	3	30	11	-37	-37.545	150.583	2799.9	2022-04-01	26269
2022	3	30	10	-38	-37.767	150.477	2756.3	2022-04-01	26269
2022	3	30	9	-39	-37.971	150.357	2710.1	2022-04-01	26269
2022	3	30	8	-40	-38.155	150.224	2659.8	2022-04-01	26269
2022	3	30	7	-41	-38.32	150.076	2604.5	2022-04-01	26269
2022	3	30	6	-42	-38.465	149.913	2543.5	2022-04-01	26269
2022	3	30	5	-43	-38.596	149.751	2481.9	2022-04-01	26269
2022	3	30	4	-44	-38.717	149.603	2425.4	2022-04-01	26269
2022	3	30	3	-45	-38.828	149.467	2373.1	2022-04-01	26269
2022	3	30	2	-46	-38.929	149.341	2324.4	2022-04-01	26269
2022	3	30	1	-47	-39.019	149.225	2278.9	2022-04-01	26269
2022	3	30	0	-48	-39.1	149.118	2236.3	2022-04-01	26269
2022	3	29	23	-49	-39.17	149.007	2194.3	2022-04-01	26269
2022	3	29	22	-50	-39.233	148.882	2151.7	2022-04-01	26269
2022	3	29	21	-51	-39.286	148.742	2107.9	2022-04-01	26269
2022	3	29	20	-52	-39.331	148.587	2062.6	2022-04-01	26269
2022	3	29	19	-53	-39.366	148.419	2015.5	2022-04-01	26269
2022	3	29	18	-54	-39.392	148.236	1966.3	2022-04-01	26269
2022	3	29	17	-55	-39.41	148.053	1920.9	2022-04-01	26269
2022	3	29	16	-56	-39.419	147.885	1885.8	2022-04-01	26269
2022	3	29	15	-57	-39.42	147.733	1859.9	2022-04-01	26269
2022	3	29	14	-58	-39.413	147.598	1842.7	2022-04-01	26269
2022	3	29	13	-59	-39.396	147.482	1833.9	2022-04-01	26269
2022	3	29	12	-60	-39.37	147.386	1833.3	2022-04-01	26269
2022	3	29	11	-61	-39.345	147.3	1833.1	2022-04-01	26269
2022	3	29	10	-62	-39.331	147.214	1825.5	2022-04-01	26269
2022	3	29	9	-63	-39.327	147.128	1811.3	2022-04-01	26269
2022	3	29	8	-64	-39.333	147.042	1791	2022-04-01	26269
2022	3	29	7	-65	-39.35	146.953	1765.2	2022-04-01	26269
2022	3	29	6	-66	-39.377	146.862	1734.6	2022-04-01	26269
2022	3	29	5	-67	-39.404	146.772	1703.2	2022-04-01	26269
2022	3	29	4	-68	-39.421	146.69	1674.7	2022-04-01	26269
2022	3	29	3	-69	-39.427	146.619	1648.9	2022-04-01	26269
2022	3	29	2	-70	-39.421	146.558	1625.7	2022-04-01	26269
2022	3	29	1	-71	-39.403	146.511	1604.8	2022-04-01	26269
2022	3	29	0	-72	-39.373	146.476	1586.5	2022-04-01	26269
2022	4	2	0	0	-27.44	153.55	2000	2022-04-02	26270
2022	4	1	23	-1	-27.425	153.365	2023.4	2022-04-02	26270
2022	4	1	22	-2	-27.412	153.176	2044.9	2022-04-02	26270
2022	4	1	21	-3	-27.402	152.98	2063.9	2022-04-02	26270
2022	4	1	20	-4	-27.393	152.776	2080.1	2022-04-02	26270
2022	4	1	19	-5	-27.382	152.563	2092.9	2022-04-02	26270
2022	4	1	18	-6	-27.369	152.343	2103.6	2022-04-02	26270
2022	4	1	17	-7	-27.354	152.133	2115.2	2022-04-02	26270
2022	4	1	16	-8	-27.341	151.947	2130	2022-04-02	26270
2022	4	1	15	-9	-27.33	151.785	2147.6	2022-04-02	26270
2022	4	1	14	-10	-27.323	151.646	2167.7	2022-04-02	26270
2022	4	1	13	-11	-27.32	151.532	2190.2	2022-04-02	26270
2022	4	1	12	-12	-27.322	151.44	2215	2022-04-02	26270
2022	4	1	11	-13	-27.328	151.362	2241.6	2022-04-02	26270
2022	4	1	10	-14	-27.339	151.286	2268.3	2022-04-02	26270
2022	4	1	9	-15	-27.355	151.213	2295.6	2022-04-02	26270
2022	4	1	8	-16	-27.375	151.143	2323.4	2022-04-02	26270
2022	4	1	7	-17	-27.399	151.075	2351.8	2022-04-02	26270
2022	4	1	6	-18	-27.427	151.01	2380.6	2022-04-02	26270
2022	4	1	5	-19	-27.459	150.943	2406.2	2022-04-02	26270
2022	4	1	4	-20	-27.495	150.868	2426.5	2022-04-02	26270
2022	4	1	3	-21	-27.536	150.786	2440.8	2022-04-02	26270
2022	4	1	2	-22	-27.584	150.698	2449.1	2022-04-02	26270
2022	4	1	1	-23	-27.64	150.607	2451.7	2022-04-02	26270
2022	4	1	0	-24	-27.706	150.513	2448.8	2022-04-02	26270
2022	3	31	23	-25	-27.78	150.417	2446.2	2022-04-02	26270
2022	3	31	22	-26	-27.861	150.321	2448.2	2022-04-02	26270
2022	3	31	21	-27	-27.948	150.222	2455.3	2022-04-02	26270
2022	3	31	20	-28	-28.041	150.12	2467.2	2022-04-02	26270
2022	3	31	19	-29	-28.14	150.014	2484	2022-04-02	26270
2022	3	31	18	-30	-28.246	149.903	2506.5	2022-04-02	26270
2022	3	31	17	-31	-28.367	149.794	2531.8	2022-04-02	26270
2022	3	31	16	-32	-28.507	149.692	2556.6	2022-04-02	26270
2022	3	31	15	-33	-28.667	149.596	2582.1	2022-04-02	26270
2022	3	31	14	-34	-28.848	149.504	2609.1	2022-04-02	26270
2022	3	31	13	-35	-29.048	149.415	2638.5	2022-04-02	26270
2022	3	31	12	-36	-29.27	149.324	2671.3	2022-04-02	26270
2022	3	31	11	-37	-29.507	149.238	2702.3	2022-04-02	26270
2022	3	31	10	-38	-29.755	149.165	2726.9	2022-04-02	26270
2022	3	31	9	-39	-30.014	149.108	2743.5	2022-04-02	26270
2022	3	31	8	-40	-30.281	149.067	2751.6	2022-04-02	26270
2022	3	31	7	-41	-30.552	149.039	2753.4	2022-04-02	26270
2022	3	31	6	-42	-30.828	149.022	2749.8	2022-04-02	26270
2022	3	31	5	-43	-31.107	149.007	2748.7	2022-04-02	26270
2022	3	31	4	-44	-31.392	148.989	2755.9	2022-04-02	26270
2022	3	31	3	-45	-31.678	148.968	2770.6	2022-04-02	26270
2022	3	31	2	-46	-31.964	148.946	2791.6	2022-04-02	26270
2022	3	31	1	-47	-32.247	148.922	2817.9	2022-04-02	26270
2022	3	31	0	-48	-32.527	148.899	2848.2	2022-04-02	26270
2022	3	30	23	-49	-32.801	148.872	2880	2022-04-02	26270
2022	3	30	22	-50	-33.071	148.832	2914.9	2022-04-02	26270
2022	3	30	21	-51	-33.338	148.778	2950.7	2022-04-02	26270
2022	3	30	20	-52	-33.604	148.709	2986.5	2022-04-02	26270
2022	3	30	19	-53	-33.868	148.621	3021.2	2022-04-02	26270
2022	3	30	18	-54	-34.132	148.514	3053.7	2022-04-02	26270
2022	3	30	17	-55	-34.4	148.396	3081.8	2022-04-02	26270
2022	3	30	16	-56	-34.673	148.279	3106.3	2022-04-02	26270
2022	3	30	15	-57	-34.945	148.158	3127.8	2022-04-02	26270
2022	3	30	14	-58	-35.217	148.036	3152.7	2022-04-02	26270
2022	3	30	13	-59	-35.485	147.91	3182	2022-04-02	26270
2022	3	30	12	-60	-35.747	147.775	3216.1	2022-04-02	26270
2022	3	30	11	-61	-35.998	147.629	3249.6	2022-04-02	26270
2022	3	30	10	-62	-36.232	147.472	3274.4	2022-04-02	26270
2022	3	30	9	-63	-36.452	147.308	3290.7	2022-04-02	26270
2022	3	30	8	-64	-36.656	147.135	3294.9	2022-04-02	26270
2022	3	30	7	-65	-36.846	146.953	3287	2022-04-02	26270
2022	3	30	6	-66	-37.021	146.76	3267	2022-04-02	26270
2022	3	30	5	-67	-37.18	146.563	3239.8	2022-04-02	26270
2022	3	30	4	-68	-37.32	146.366	3212	2022-04-02	26270
2022	3	30	3	-69	-37.44	146.169	3183.9	2022-04-02	26270
2022	3	30	2	-70	-37.54	145.969	3156.8	2022-04-02	26270
2022	3	30	1	-71	-37.62	145.766	3131.3	2022-04-02	26270
2022	3	30	0	-72	-37.68	145.557	3106.9	2022-04-02	26270
